[PAT NO.    0]


[========]
[ Option ]
[========]

[ opt ] 2
[ tanh ][ Replication ]

[=======]
[ Input ]
[=======]

[ IMAGE 1 ]

[1]        0        1        2        3     [2]        0        1        2        3     [3]        0        1        2        3     
________________________________________    ________________________________________    ________________________________________    
 0|   -0.500    1.000   -4.000   -1.000      0|   -2.000   -0.500   -0.500    0.500      0|   -1.000   -2.000   -1.000    4.000     
 1|    4.000   -4.000    2.000   -0.500      1|   -4.000   -1.000    2.000    4.000      1|    4.000    2.000    2.000    2.000     
 2|   -2.000   -0.500   -0.500    2.000      2|    0.500   -2.000    2.000    4.000      2|    0.500    1.000    2.000   -2.000     
 3|    0.500   -0.500    0.500    2.000      3|   -4.000    2.000    1.000   -2.000      3|   -1.000   -2.000    2.000   -4.000     

[ IMAGE 2 ]

[1]        0        1        2        3     [2]        0        1        2        3     [3]        0        1        2        3     
________________________________________    ________________________________________    ________________________________________    
 0|    0.500    2.000    0.500    0.500      0|    4.000   -0.500    0.500   -0.500      0|   -0.500   -1.000   -2.000   -0.500     
 1|   -0.500   -4.000    1.000   -2.000      1|   -0.500   -1.000    2.000   -2.000      1|   -0.500   -2.000   -2.000   -0.500     
 2|    2.000   -4.000   -1.000    2.000      2|   -1.000    1.000   -2.000    1.000      2|   -4.000    0.500    0.500    2.000     
 3|   -4.000    0.500    2.000    0.500      3|    4.000   -4.000   -1.000    0.500      3|    2.000    2.000    0.500    4.000     


[========]
[ Kernel ]
[========]

[1]        0        1        2     [2]        0        1        2     [3]        0        1        2     
_______________________________    _______________________________    _______________________________    
 0|    2.000    2.000    4.000      0|   -1.000    1.000   -2.000      0|   -0.500    1.000    2.000     
 1|    2.000    0.500   -1.000      1|    4.000   -0.500    2.000      1|   -4.000    0.500    2.000     
 2|   -2.000   -2.000   -0.500      2|    0.500   -1.000   -2.000      2|   -4.000   -1.000    0.500     


[========]
[ Weight ]
[========]

[W]        0        1     
______________________    
 0|    0.500   -2.000     
 1|    1.000    2.000     

