[PAT NO.    0]


[========]
[ Option ]
[========]

[ opt ] 2
[ tanh ][ Replication ]

[=========]
[ Padding ]
[=========]

[ IMAGE 1 ]

[1]        0        1        2        3        4        5     [2]        0        1        2        3        4        5     [3]        0        1        2        3        4        5     
__________________________________________________________    __________________________________________________________    __________________________________________________________    
 0|   -0.500   -0.500    1.000   -4.000   -1.000   -1.000      0|   -2.000   -2.000   -0.500   -0.500    0.500    0.500      0|   -1.000   -1.000   -2.000   -1.000    4.000    4.000     
 1|   -0.500   -0.500    1.000   -4.000   -1.000   -1.000      1|   -2.000   -2.000   -0.500   -0.500    0.500    0.500      1|   -1.000   -1.000   -2.000   -1.000    4.000    4.000     
 2|    4.000    4.000   -4.000    2.000   -0.500   -0.500      2|   -4.000   -4.000   -1.000    2.000    4.000    4.000      2|    4.000    4.000    2.000    2.000    2.000    2.000     
 3|   -2.000   -2.000   -0.500   -0.500    2.000    2.000      3|    0.500    0.500   -2.000    2.000    4.000    4.000      3|    0.500    0.500    1.000    2.000   -2.000   -2.000     
 4|    0.500    0.500   -0.500    0.500    2.000    2.000      4|   -4.000   -4.000    2.000    1.000   -2.000   -2.000      4|   -1.000   -1.000   -2.000    2.000   -4.000   -4.000     
 5|    0.500    0.500   -0.500    0.500    2.000    2.000      5|   -4.000   -4.000    2.000    1.000   -2.000   -2.000      5|   -1.000   -1.000   -2.000    2.000   -4.000   -4.000     

[ IMAGE 2 ]

[1]        0        1        2        3        4        5     [2]        0        1        2        3        4        5     [3]        0        1        2        3        4        5     
__________________________________________________________    __________________________________________________________    __________________________________________________________    
 0|    0.500    0.500    2.000    0.500    0.500    0.500      0|    4.000    4.000   -0.500    0.500   -0.500   -0.500      0|   -0.500   -0.500   -1.000   -2.000   -0.500   -0.500     
 1|    0.500    0.500    2.000    0.500    0.500    0.500      1|    4.000    4.000   -0.500    0.500   -0.500   -0.500      1|   -0.500   -0.500   -1.000   -2.000   -0.500   -0.500     
 2|   -0.500   -0.500   -4.000    1.000   -2.000   -2.000      2|   -0.500   -0.500   -1.000    2.000   -2.000   -2.000      2|   -0.500   -0.500   -2.000   -2.000   -0.500   -0.500     
 3|    2.000    2.000   -4.000   -1.000    2.000    2.000      3|   -1.000   -1.000    1.000   -2.000    1.000    1.000      3|   -4.000   -4.000    0.500    0.500    2.000    2.000     
 4|   -4.000   -4.000    0.500    2.000    0.500    0.500      4|    4.000    4.000   -4.000   -1.000    0.500    0.500      4|    2.000    2.000    2.000    0.500    4.000    4.000     
 5|   -4.000   -4.000    0.500    2.000    0.500    0.500      5|    4.000    4.000   -4.000   -1.000    0.500    0.500      5|    2.000    2.000    2.000    0.500    4.000    4.000     


[=====================]
[ Convolution Partial ]
[=====================]

[ IMAGE 1 ]

[1]        0        1        2        3     [2]        0        1        2        3     [3]        0        1        2        3     
________________________________________    ________________________________________    ________________________________________    
 0|  -14.250  -12.500   -4.750  -24.250      0|   -3.000  -11.250  -12.250  -12.250      0|  -24.000  -19.500   14.500   17.500     
 1|   24.250   -5.750  -15.500  -13.750      1|  -11.250  -10.750   -9.000    3.000      1|  -16.500  -16.500   -2.000    2.500     
 2|   -6.250    4.000  -10.250   -7.000      2|   -2.250    0.000   -2.000   14.500      2|   10.250   13.500    2.000  -14.000     
 3|  -10.000   -7.000    2.250    5.000      3|   -8.000  -27.500    3.500    1.500      3|    5.750   18.750    2.500  -31.000     

[ IMAGE 2 ]

[1]        0        1        2        3     [2]        0        1        2        3     [3]        0        1        2        3     
________________________________________    ________________________________________    ________________________________________    
 0|   13.250   17.000   17.750    7.750      0|   16.250    8.500    0.250    8.250      0|   -1.000   -4.250    9.250   14.500     
 1|    6.750    7.500   10.500    4.000      1|   -4.250   -0.500   -6.500    1.000      1|   15.750    8.000    2.000    3.250     
 2|    6.750    4.000  -29.750  -18.250      2|    6.500   -5.000   12.000   -8.500      2|    1.750    1.750   -6.250   -1.500     
 3|   -2.750  -11.750   -5.750    8.500      3|   10.000   30.000  -21.500   -4.250      3|  -13.000  -12.250   -2.000    9.750     


[=================]
[ Convolution Sum ]
[=================]

[ IMAGE 1 ]

[1]        0        1        2        3     
________________________________________    
 0|  -41.250  -43.250   -2.500  -19.000 
 1|   -3.500  -33.000  -26.500   -8.250 
 2|    1.750   17.500  -10.250   -6.500 
 3|  -12.250  -15.750    8.250  -24.500 

[ IMAGE 2 ]

[1]        0        1        2        3     
________________________________________    
 0|   28.500   21.250   27.250   30.500 
 1|   18.250   15.000    6.000    8.250 
 2|   15.000    0.750  -24.000  -28.250 
 3|   -5.750    6.000  -29.250   14.000 


[============]
[ Maxpooling ]
[============]

[ IMAGE 1 ]

[1]        0        1     
______________________    
 0|   -3.500   -2.500 
 1|   17.500    8.250 

[ IMAGE 2 ]

[1]        0        1     
______________________    
 0|   28.500   30.500 
 1|   15.000   14.000 


[=======]
[ Fully ]
[=======]

[ IMAGE 1 ]

[1]        0        1        2        3     
________________________________________    
 0|   -4.250    2.000   17.000  -18.500 

[ IMAGE 2 ]

[1]        0        1        2        3     
________________________________________    
 0|   44.750    4.000   21.500   -2.000 


[========]
[ Normal ]
[========]

[ IMAGE 1 ]

[1]        0        1        2        3     
________________________________________    
 0|    0.401    0.577    1.000    0.000 

[ IMAGE 2 ]

[1]        0        1        2        3     
________________________________________    
 0|    1.000    0.128    0.503    0.000 


[========]
[ Encode ]
[========]

[ IMAGE 1 ]

[1]        0        1        2        3     
________________________________________    
 0|    0.381    0.521    0.762    0.000 

[ IMAGE 2 ]

[1]        0        1        2        3     
________________________________________    
 0|    0.762    0.128    0.464    0.000 


[==========]
[ Distance ]
[==========]

   1.071 
